时间步,链路对,预测值,真实值,绝对差值
0,(0, 2),0.463962,0.021181,0.442781
0,(0, 3),0.625004,0.091503,0.533500
0,(1, 2),0.135550,0.018682,0.116868
0,(1, 3),0.100785,0.082512,0.018274
0,(2, 0),0.429942,0.090712,0.339230
0,(2, 1),0.214309,0.020705,0.193604
0,(3, 0),0.231542,0.081725,0.149817
0,(3, 1),0.208683,0.849654,0.640971
1,(0, 2),0.490323,0.089077,0.401246
1,(0, 3),0.468701,0.021018,0.447682
1,(1, 2),0.723761,0.091898,0.631863
1,(1, 3),0.568054,0.838822,0.270767
1,(2, 0),0.448667,0.020552,0.428115
1,(2, 1),0.150591,0.089490,0.061100
1,(3, 0),0.856475,0.837296,0.019179
1,(3, 1),0.026465,0.085731,0.059266
2,(0, 2),0.327699,0.021290,0.306409
2,(0, 3),0.469448,0.098011,0.371438
2,(1, 2),0.029033,0.017959,0.011074
2,(1, 3),0.010228,0.084642,0.074414
2,(2, 0),0.431065,0.092076,0.338989
2,(2, 1),0.048947,0.020471,0.028476
2,(3, 0),0.127428,0.084627,0.042802
2,(3, 1),0.085385,0.099476,0.014091
3,(0, 2),0.475669,0.089410,0.386259
3,(0, 3),0.233633,0.023981,0.209653
3,(1, 2),0.132787,0.092178,0.040610
3,(1, 3),0.226404,0.836612,0.610208
3,(2, 0),0.317760,0.022502,0.295257
3,(2, 1),0.073029,0.090143,0.017113
3,(3, 0),0.831835,0.834379,0.002544
3,(3, 1),0.011787,0.023745,0.011958
4,(0, 2),0.287183,0.021182,0.266000
4,(0, 3),0.324987,0.097566,0.227421
4,(1, 2),0.012578,0.017812,0.005234
4,(1, 3),0.007816,0.085579,0.077763
4,(2, 0),0.346114,0.091854,0.254261
4,(2, 1),0.027090,0.111370,0.084280
4,(3, 0),0.104563,0.087824,0.016739
4,(3, 1),0.053742,0.101504,0.047762
5,(0, 2),0.590901,0.798124,0.207224
5,(0, 3),0.109019,0.112824,0.003804
5,(1, 2),0.113454,0.092784,0.020670
5,(1, 3),0.205979,0.833630,0.627651
5,(2, 0),0.158407,0.023082,0.135326
5,(2, 1),0.074129,0.810816,0.736686
5,(3, 0),0.853801,0.830425,0.023375
5,(3, 1),0.014363,0.023703,0.009340
6,(0, 2),0.145685,0.123951,0.021734
6,(0, 3),0.549738,0.817337,0.267599
6,(1, 2),0.014592,0.018080,0.003488
6,(1, 3),0.007287,0.088103,0.080816
6,(2, 0),0.127336,0.091870,0.035466
6,(2, 1),0.014606,0.108838,0.094232
6,(3, 0),0.116909,0.092059,0.024850
6,(3, 1),0.070574,0.100203,0.029630
7,(0, 2),0.825555,0.797786,0.027769
7,(0, 3),0.089744,0.116534,0.026790
7,(1, 2),0.112933,0.095801,0.017132
7,(1, 3),0.211189,0.831175,0.619986
7,(2, 0),0.040171,0.023500,0.016671
7,(2, 1),0.139826,0.813383,0.673557
7,(3, 0),0.832045,0.826161,0.005884
7,(3, 1),0.019587,0.021747,0.002160
8,(0, 2),0.154817,0.122360,0.032458
8,(0, 3),0.873697,0.812317,0.061380
8,(1, 2),0.014752,0.042316,0.027564
8,(1, 3),0.006712,0.092422,0.085710
8,(2, 0),0.078119,0.092558,0.014439
8,(2, 1),0.011408,0.105763,0.094354
8,(3, 0),0.018329,0.018683,0.000354
8,(3, 1),0.511030,0.100664,0.410367
9,(0, 2),0.807296,0.798251,0.009044
9,(0, 3),0.153709,0.115745,0.037965
9,(1, 2),0.112747,0.092857,0.019890
9,(1, 3),0.223085,0.092356,0.130729
9,(2, 0),0.028445,0.024508,0.003937
9,(2, 1),0.793652,0.816374,0.022721
9,(3, 0),0.096147,0.091313,0.004833
9,(3, 1),0.132554,0.023884,0.108670
10,(0, 2),0.162881,0.121704,0.041177
10,(0, 3),0.785854,0.809695,0.023842
10,(1, 2),0.015620,0.083801,0.068181
10,(1, 3),0.007497,0.019069,0.011572
10,(2, 0),0.762179,0.802207,0.040028
10,(2, 1),0.011278,0.102370,0.091092
10,(3, 0),0.015151,0.019424,0.004273
10,(3, 1),0.668939,0.095066,0.573873
11,(0, 2),0.803679,0.800608,0.003070
11,(0, 3),0.183407,0.121424,0.061983
11,(1, 2),0.104783,0.842817,0.738034
11,(1, 3),0.173109,0.091945,0.081165
11,(2, 0),0.143832,0.125025,0.018807
11,(2, 1),1.024004,0.819323,0.204682
11,(3, 0),0.094167,0.091199,0.002968
11,(3, 1),0.210180,0.017025,0.193155
12,(0, 2),0.142635,0.121106,0.021529
12,(0, 3),0.743143,0.801383,0.058240
12,(1, 2),0.037592,0.084731,0.047139
12,(1, 3),0.008340,0.019007,0.010667
12,(2, 0),0.790998,0.801282,0.010284
12,(2, 1),0.018939,0.099307,0.080368
12,(3, 0),0.014608,0.020417,0.005809
12,(3, 1),0.541445,0.839455,0.298010
13,(0, 2),0.760342,0.802271,0.041929
13,(0, 3),0.177507,0.119786,0.057721
13,(1, 2),1.064753,0.841358,0.223396
13,(1, 3),0.161335,0.091624,0.069711
13,(2, 0),0.133965,0.125110,0.008855
13,(2, 1),0.930492,0.822571,0.107921
13,(3, 0),0.097133,0.090464,0.006669
13,(3, 1),0.125783,0.082835,0.042948
14,(0, 2),0.099001,0.117040,0.018039
14,(0, 3),0.753620,0.799244,0.045624
14,(1, 2),0.034005,0.078200,0.044194
14,(1, 3),0.008365,0.022551,0.014186
14,(2, 0),0.787846,0.800022,0.012176
14,(2, 1),0.041445,0.018994,0.022451
14,(3, 0),0.016735,0.019924,0.003189
14,(3, 1),0.735009,0.837258,0.102250
15,(0, 2),0.099862,0.089547,0.010314
15,(0, 3),0.063925,0.021335,0.042590
15,(1, 2),0.869642,0.842136,0.027505
15,(1, 3),0.160275,0.092411,0.067864
15,(2, 0),0.127502,0.124896,0.002606
15,(2, 1),0.856996,0.092135,0.764860
15,(3, 0),0.104466,0.089876,0.014590
15,(3, 1),0.115164,0.084390,0.030774
16,(0, 2),0.029035,0.021608,0.007427
16,(0, 3),0.190831,0.088793,0.102037
16,(1, 2),0.046598,0.077984,0.031386
16,(1, 3),0.006983,0.020565,0.013582
16,(2, 0),0.788620,0.800857,0.012237
16,(2, 1),0.050505,0.018428,0.032078
16,(3, 0),0.017280,0.020313,0.003033
16,(3, 1),0.759623,0.835417,0.075794
17,(0, 2),0.088424,0.090268,0.001844
17,(0, 3),0.020025,0.021422,0.001397
17,(1, 2),0.875180,0.842482,0.032698
17,(1, 3),0.225205,0.091817,0.133388
17,(2, 0),0.123190,0.123798,0.000608
17,(2, 1),0.067248,0.092070,0.024822
17,(3, 0),0.094348,0.089712,0.004635
17,(3, 1),0.136765,0.086793,0.049972
18,(0, 2),0.025258,0.020252,0.005006
18,(0, 3),0.089993,0.088750,0.001243
18,(1, 2),0.065128,0.077510,0.012382
18,(1, 3),0.004930,0.020508,0.015578
18,(2, 0),0.793277,0.802487,0.009210
18,(2, 1),0.023935,0.018233,0.005703
18,(3, 0),0.074953,0.116595,0.041642
18,(3, 1),0.773012,0.832561,0.059549
19,(0, 2),0.089743,0.090552,0.000809
19,(0, 3),0.022718,0.021238,0.001480
19,(1, 2),0.825498,0.842388,0.016889
19,(1, 3),0.930525,0.814382,0.116142
19,(2, 0),0.114133,0.121560,0.007428
19,(2, 1),0.072373,0.092127,0.019753
19,(3, 0),0.801447,0.802285,0.000837
19,(3, 1),0.117244,0.089279,0.027965
20,(0, 2),0.024804,0.020675,0.004130
20,(0, 3),0.089014,0.088797,0.000217
20,(1, 2),0.053011,0.016782,0.036229
20,(1, 3),0.007382,0.109430,0.102049
20,(2, 0),0.114638,0.092507,0.022130
20,(2, 1),0.023252,0.018012,0.005240
20,(3, 0),0.093800,0.119210,0.025410
20,(3, 1),0.185114,0.830120,0.645005
21,(0, 2),0.085891,0.093770,0.007879
21,(0, 3),0.026046,0.021515,0.004530
21,(1, 2),0.378229,0.093186,0.285044
21,(1, 3),0.975147,0.811444,0.163704
21,(2, 0),0.023116,0.023609,0.000493
21,(2, 1),0.083388,0.092559,0.009170
21,(3, 0),0.827654,0.799717,0.027937
21,(3, 1),0.013140,0.092206,0.079066
22,(0, 2),0.024064,0.019164,0.004900
22,(0, 3),0.091677,0.088936,0.002741
22,(1, 2),0.017721,0.016857,0.000864
22,(1, 3),0.008709,0.112748,0.104039
22,(2, 0),0.088687,0.091924,0.003237
22,(2, 1),0.020420,0.017605,0.002815
22,(3, 0),0.094159,0.121154,0.026996
22,(3, 1),0.078907,0.091794,0.012887
23,(0, 2),0.105920,0.091750,0.014170
23,(0, 3),0.026799,0.021042,0.005756
23,(1, 2),0.067838,0.093090,0.025252
23,(1, 3),0.991279,0.807531,0.183748
23,(2, 0),0.020578,0.022550,0.001973
23,(2, 1),0.089532,0.093199,0.003667
23,(3, 0),0.822683,0.798186,0.024497
23,(3, 1),0.023670,0.018748,0.004922
24,(0, 2),0.030584,0.018716,0.011867
24,(0, 3),0.075176,0.089330,0.014154
24,(1, 2),0.026915,0.016974,0.009941
24,(1, 3),0.011131,0.115599,0.104468
24,(2, 0),0.088332,0.092286,0.003954
24,(2, 1),0.021297,0.083250,0.061953
24,(3, 0),0.085481,0.122548,0.037067
24,(3, 1),0.122389,0.091362,0.031027
25,(0, 2),0.748208,0.826417,0.078209
25,(0, 3),0.081821,0.117155,0.035334
25,(1, 2),0.073564,0.092953,0.019389
25,(1, 3),0.877617,0.805301,0.072316
25,(2, 0),0.020164,0.022211,0.002048
25,(2, 1),0.097136,0.838903,0.741767
25,(3, 0),0.791125,0.797525,0.006400
25,(3, 1),0.029971,0.019421,0.010550
26,(0, 2),0.138068,0.092093,0.045975
26,(0, 3),0.821713,0.804384,0.017329
26,(1, 2),0.024930,0.017130,0.007800
26,(1, 3),0.017635,0.118232,0.100597
26,(2, 0),0.089596,0.092951,0.003355
26,(2, 1),0.092460,0.080971,0.011489
26,(3, 0),0.080974,0.122698,0.041724
26,(3, 1),0.109189,0.091049,0.018141
27,(0, 2),0.802181,0.830710,0.028529
27,(0, 3),0.100694,0.114103,0.013410
27,(1, 2),0.076365,0.092777,0.016412
27,(1, 3),0.152752,0.802914,0.650161
27,(2, 0),0.019336,0.022102,0.002767
27,(2, 1),1.118680,0.839973,0.278707
27,(3, 0),0.803026,0.797774,0.005253
27,(3, 1),0.028825,0.019109,0.009716
28,(0, 2),0.117041,0.089954,0.027087
28,(0, 3),0.837458,0.808279,0.029179
28,(1, 2),0.023366,0.017323,0.006043
28,(1, 3),0.010831,0.118915,0.108084
28,(2, 0),0.090624,0.092287,0.001663
28,(2, 1),0.056261,0.079881,0.023620
28,(3, 0),0.022118,0.021179,0.000939
28,(3, 1),0.084910,0.090880,0.005970
29,(0, 2),0.811590,0.834333,0.022743
29,(0, 3),0.099867,0.110131,0.010264
29,(1, 2),0.074546,0.092568,0.018021
29,(1, 3),0.181483,0.091087,0.090397
29,(2, 0),0.020291,0.020160,0.000131
29,(2, 1),0.847052,0.841203,0.005849
29,(3, 0),0.093514,0.090623,0.002891
29,(3, 1),0.019663,0.019606,0.000057
30,(0, 2),0.104476,0.084375,0.020100
30,(0, 3),0.820373,0.811925,0.008448
30,(1, 2),0.053383,0.085491,0.032108
30,(1, 3),0.010948,0.021513,0.010566
30,(2, 0),0.675168,0.824014,0.148846
30,(2, 1),0.061918,0.078601,0.016683
30,(3, 0),0.023432,0.021024,0.002408
30,(3, 1),0.174653,0.090551,0.084102
31,(0, 2),0.823196,0.837390,0.014194
31,(0, 3),0.102061,0.105938,0.003877
31,(1, 2),0.728697,0.833270,0.104573
31,(1, 3),0.147403,0.089273,0.058130
31,(2, 0),0.056904,0.098244,0.041340
31,(2, 1),0.850167,0.842023,0.008144
31,(3, 0),0.096583,0.089391,0.007192
31,(3, 1),0.081272,0.019851,0.061421
32,(0, 2),0.098097,0.081272,0.016825
32,(0, 3),0.824333,0.816258,0.008074
32,(1, 2),0.097315,0.088033,0.009283
32,(1, 3),0.011776,0.024565,0.012789
32,(2, 0),0.844586,0.828919,0.015667
32,(2, 1),0.073009,0.077979,0.004970
32,(3, 0),0.024358,0.021187,0.003172
32,(3, 1),0.837794,0.811398,0.026397
33,(0, 2),0.833660,0.840006,0.006346
33,(0, 3),0.107064,0.101508,0.005556
33,(1, 2),0.845428,0.830946,0.014482
33,(1, 3),0.136432,0.089955,0.046476
33,(2, 0),0.061862,0.094000,0.032138
33,(2, 1),0.829978,0.842450,0.012472
33,(3, 0),0.095204,0.089643,0.005561
33,(3, 1),0.110710,0.110342,0.000369
34,(0, 2),0.092403,0.079168,0.013235
34,(0, 3),0.831699,0.821106,0.010592
34,(1, 2),0.096233,0.090809,0.005424
34,(1, 3),0.011774,0.022207,0.010432
34,(2, 0),0.835664,0.833048,0.002616
34,(2, 1),0.057346,0.016839,0.040506
34,(3, 0),0.023880,0.020535,0.003345
34,(3, 1),0.814552,0.808589,0.005962
35,(0, 2),0.094003,0.093158,0.000845
35,(0, 3),0.028811,0.018702,0.010110
35,(1, 2),0.828251,0.827732,0.000519
35,(1, 3),0.135175,0.090468,0.044707
35,(2, 0),0.066829,0.090085,0.023255
35,(2, 1),0.741396,0.093268,0.648129
35,(3, 0),0.090482,0.090208,0.000274
35,(3, 1),0.111148,0.112859,0.001712
36,(0, 2),0.018611,0.017042,0.001568
36,(0, 3),0.102385,0.091702,0.010683
36,(1, 2),0.098079,0.093764,0.004314
36,(1, 3),0.010283,0.025391,0.015108
36,(2, 0),0.835144,0.836592,0.001448
36,(2, 1),0.013359,0.017487,0.004128
36,(3, 0),0.023678,0.020152,0.003525
36,(3, 1),0.817266,0.806013,0.011253
37,(0, 2),0.091448,0.093368,0.001920
37,(0, 3),0.016872,0.018265,0.001393
37,(1, 2),0.821314,0.824708,0.003394
37,(1, 3),0.154575,0.091105,0.063471
37,(2, 0),0.071591,0.086578,0.014987
37,(2, 1),0.081528,0.093199,0.011671
37,(3, 0),0.091429,0.090086,0.001343
37,(3, 1),0.108282,0.115323,0.007041
38,(0, 2),0.017433,0.016877,0.000556
38,(0, 3),0.090591,0.091944,0.001353
38,(1, 2),0.103487,0.096842,0.006645
38,(1, 3),0.007646,0.025405,0.017759
38,(2, 0),0.831659,0.839935,0.008276
38,(2, 1),0.022011,0.017033,0.004979
38,(3, 0),0.124823,0.107418,0.017404
38,(3, 1),0.826883,0.803700,0.023184
39,(0, 2),0.092146,0.093742,0.001596
39,(0, 3),0.021542,0.017893,0.003648
39,(1, 2),0.801070,0.821592,0.020522
39,(1, 3),0.922136,0.803316,0.118819
39,(2, 0),0.069976,0.083613,0.013637
39,(2, 1),0.087927,0.093306,0.005380
39,(3, 0),0.804605,0.815125,0.010520
39,(3, 1),0.121228,0.117461,0.003767
40,(0, 2),0.017266,0.016801,0.000465
40,(0, 3),0.090639,0.092331,0.001692
40,(1, 2),0.023906,0.018998,0.004908
40,(1, 3),0.019739,0.127492,0.107753
40,(2, 0),0.091886,0.094608,0.002722
40,(2, 1),0.020553,0.016949,0.003604
40,(3, 0),0.115043,0.102658,0.012385
40,(3, 1),0.827396,0.801774,0.025622
41,(0, 2),0.093748,0.093267,0.000480
41,(0, 3),0.024179,0.019204,0.004976
41,(1, 2),0.086782,0.090844,0.004063
41,(1, 3),0.868472,0.804488,0.063983
41,(2, 0),0.016805,0.019732,0.002927
41,(2, 1),0.090986,0.093151,0.002165
41,(3, 0),0.810642,0.819586,0.008944
41,(3, 1),0.092327,0.120172,0.027846
42,(0, 2),0.016913,0.016939,0.000026
42,(0, 3),0.090993,0.092748,0.001755
42,(1, 2),0.019610,0.019312,0.000298
42,(1, 3),0.030019,0.127044,0.097025
42,(2, 0),0.091878,0.095775,0.003897
42,(2, 1),0.019380,0.017334,0.002046
42,(3, 0),0.111684,0.098166,0.013517
42,(3, 1),0.114416,0.089282,0.025134
43,(0, 2),0.094491,0.092961,0.001530
43,(0, 3),0.025358,0.017192,0.008166
43,(1, 2),0.088706,0.090533,0.001826
43,(1, 3),0.843522,0.803432,0.040090
43,(2, 0),0.016684,0.019510,0.002825
43,(2, 1),0.091699,0.092977,0.001278
43,(3, 0),0.809693,0.824167,0.014474
43,(3, 1),0.016985,0.021070,0.004085
44,(0, 2),0.017115,0.017159,0.000044
44,(0, 3),0.087758,0.093115,0.005357
44,(1, 2),0.020808,0.019620,0.001188
44,(1, 3),0.056228,0.122752,0.066525
44,(2, 0),0.091126,0.093818,0.002692
44,(2, 1),0.039241,0.083562,0.044321
44,(3, 0),0.112910,0.093813,0.019097
44,(3, 1),0.084554,0.089081,0.004527
45,(0, 2),0.843866,0.837405,0.006461
45,(0, 3),0.095119,0.079623,0.015496
45,(1, 2),0.089370,0.090230,0.000861
45,(1, 3),0.795354,0.805042,0.009688
45,(2, 0),0.016576,0.017799,0.001223
45,(2, 1),0.594931,0.836095,0.241164
45,(3, 0),0.822519,0.828661,0.006142
45,(3, 1),0.022702,0.021417,0.001285
46,(0, 2),0.077061,0.084655,0.007594
46,(0, 3),0.843933,0.841228,0.002705
46,(1, 2),0.019858,0.019916,0.000058
46,(1, 3),0.113002,0.122554,0.009552
46,(2, 0),0.091253,0.094558,0.003305
46,(2, 1),0.052751,0.085405,0.032654
46,(3, 0),0.116050,0.089578,0.026471
46,(3, 1),0.097091,0.088792,0.008299
47,(0, 2),0.841787,0.833890,0.007897
47,(0, 3),0.088451,0.078134,0.010317
47,(1, 2),0.090620,0.090378,0.000242
47,(1, 3),0.222887,0.807061,0.584174
47,(2, 0),0.017401,0.018424,0.001023
47,(2, 1),0.867567,0.834148,0.033419
47,(3, 0),0.834564,0.832364,0.002201
47,(3, 1),0.025850,0.021704,0.004145
48,(0, 2),0.078040,0.088335,0.010295
48,(0, 3),0.842988,0.842286,0.000702
48,(1, 2),0.020490,0.020194,0.000296
48,(1, 3),0.019311,0.121439,0.102128
48,(2, 0),0.093410,0.094412,0.001002
48,(2, 1),0.055355,0.087895,0.032541
48,(3, 0),0.019641,0.018041,0.001600
48,(3, 1),0.082326,0.090407,0.008080
49,(0, 2),0.838282,0.830115,0.008166
49,(0, 3),0.084663,0.077520,0.007143
49,(1, 2),0.089200,0.089676,0.000476
49,(1, 3),0.129456,0.092981,0.036475
49,(2, 0),0.017953,0.017767,0.000186
49,(2, 1),0.851702,0.831206,0.020496
49,(3, 0),0.092790,0.092585,0.000205
49,(3, 1),0.020819,0.021797,0.000978
50,(0, 2),0.081298,0.092238,0.010939
50,(0, 3),0.845751,0.842457,0.003294
50,(1, 2),0.090486,0.114481,0.023995
50,(1, 3),0.016496,0.023903,0.007407
50,(2, 0),0.853565,0.840611,0.012954
50,(2, 1),0.059250,0.090272,0.031022
50,(3, 0),0.017065,0.017264,0.000198
50,(3, 1),0.092118,0.089115,0.003003
51,(0, 2),0.832542,0.825746,0.006796
51,(0, 3),0.087284,0.077795,0.009489
51,(1, 2),0.827848,0.804698,0.023149
51,(1, 3),0.118254,0.092577,0.025677
51,(2, 0),0.083344,0.081844,0.001500
51,(2, 1),0.845527,0.828791,0.016737
51,(3, 0),0.091600,0.092871,0.001270
51,(3, 1),0.032101,0.021622,0.010479
52,(0, 2),0.082303,0.096581,0.014278
52,(0, 3),0.842713,0.841731,0.000982
52,(1, 2),0.098085,0.116742,0.018658
52,(1, 3),0.016908,0.023060,0.006152
52,(2, 0),0.837302,0.836947,0.000355
52,(2, 1),0.067988,0.093362,0.025374
52,(3, 0),0.016204,0.017394,0.001190
52,(3, 1),0.802389,0.798428,0.003961
53,(0, 2),0.823905,0.821309,0.002596
53,(0, 3),0.086898,0.078959,0.007939
53,(1, 2),0.819755,0.802247,0.017508
53,(1, 3),0.112750,0.091695,0.021055
53,(2, 0),0.087954,0.084954,0.003000
53,(2, 1),0.829383,0.825605,0.003778
53,(3, 0),0.092070,0.093082,0.001012
53,(3, 1),0.091447,0.121791,0.030344
54,(0, 2),0.083310,0.100940,0.017629
54,(0, 3),0.839064,0.840323,0.001259
54,(1, 2),0.105031,0.118676,0.013645
54,(1, 3),0.016754,0.020460,0.003706
54,(2, 0),0.828535,0.833668,0.005133
54,(2, 1),0.016072,0.018708,0.002636
54,(3, 0),0.017222,0.017287,0.000065
54,(3, 1),0.808186,0.799003,0.009183
55,(0, 2),0.091319,0.090809,0.000511
55,(0, 3),0.017264,0.017096,0.000168
55,(1, 2),0.811026,0.801066,0.009960
55,(1, 3),0.111410,0.091753,0.019657
55,(2, 0),0.092986,0.088230,0.004756
55,(2, 1),0.092563,0.091444,0.001118
55,(3, 0),0.095369,0.093210,0.002159
55,(3, 1),0.104355,0.120506,0.016150
56,(0, 2),0.018791,0.019665,0.000874
56,(0, 3),0.087562,0.092957,0.005395
56,(1, 2),0.111501,0.120704,0.009203
56,(1, 3),0.015368,0.021382,0.006014
56,(2, 0),0.820354,0.829891,0.009537
56,(2, 1),0.017782,0.018939,0.001157
56,(3, 0),0.017334,0.016759,0.000576
56,(3, 1),0.801897,0.800337,0.001560
57,(0, 2),0.090403,0.090499,0.000095
57,(0, 3),0.015831,0.017372,0.001541
57,(1, 2),0.802626,0.799297,0.003329
57,(1, 3),0.118854,0.091945,0.026909
57,(2, 0),0.096740,0.092362,0.004378
57,(2, 1),0.093289,0.091009,0.002279
57,(3, 0),0.093923,0.093479,0.000444
57,(3, 1),0.104975,0.119227,0.014252
58,(0, 2),0.018642,0.020088,0.001446
58,(0, 3),0.090323,0.092647,0.002324
58,(1, 2),0.116862,0.121598,0.004736
58,(1, 3),0.014286,0.020526,0.006239
58,(2, 0),0.811106,0.825814,0.014708
58,(2, 1),0.018409,0.019540,0.001132
58,(3, 0),0.077380,0.077638,0.000258
58,(3, 1),0.812803,0.802180,0.010623
59,(0, 2),0.090547,0.089840,0.000707
59,(0, 3),0.020888,0.017714,0.003175
59,(1, 2),0.788612,0.798325,0.009714
59,(1, 3),0.851618,0.821447,0.030171
59,(2, 0),0.101260,0.096892,0.004368
59,(2, 1),0.093586,0.090623,0.002962
59,(3, 0),0.837714,0.842002,0.004288
59,(3, 1),0.118543,0.116952,0.001592
60,(0, 2),0.019561,0.020473,0.000913
60,(0, 3),0.090281,0.092279,0.001997
60,(1, 2),0.021472,0.021767,0.000295
60,(1, 3),0.058887,0.099437,0.040550
60,(2, 0),0.089515,0.091362,0.001847
60,(2, 1),0.017716,0.019595,0.001879
60,(3, 0),0.077141,0.078807,0.001666
60,(3, 1),0.816351,0.804375,0.011976
61,(0, 2),0.089146,0.089480,0.000334
61,(0, 3),0.023336,0.018106,0.005230
61,(1, 2),0.084270,0.089288,0.005018
61,(1, 3),0.822816,0.823652,0.000836
61,(2, 0),0.019341,0.019190,0.000151
61,(2, 1),0.095165,0.090533,0.004631
61,(3, 0),0.847989,0.840628,0.007360
61,(3, 1),0.089997,0.119894,0.029897
62,(0, 2),0.020332,0.020805,0.000472
62,(0, 3),0.089090,0.091684,0.002594
62,(1, 2),0.020733,0.021727,0.000994
62,(1, 3),0.076988,0.095378,0.018390
62,(2, 0),0.088061,0.090783,0.002723
62,(2, 1),0.018295,0.019993,0.001698
62,(3, 0),0.075525,0.080467,0.004942
62,(3, 1),0.111949,0.094320,0.017629
63,(0, 2),0.091361,0.089307,0.002054
63,(0, 3),0.024872,0.018534,0.006338
63,(1, 2),0.087480,0.088752,0.001271
63,(1, 3),0.810436,0.826762,0.016326
63,(2, 0),0.019390,0.019663,0.000273
63,(2, 1),0.094897,0.089995,0.004901
63,(3, 0),0.842886,0.838661,0.004225
63,(3, 1),0.016786,0.027683,0.010896
64,(0, 2),0.021875,0.020942,0.000932
64,(0, 3),0.098935,0.091244,0.007691
64,(1, 2),0.021589,0.021816,0.000227
64,(1, 3),0.097557,0.092932,0.004624
64,(2, 0),0.089382,0.090418,0.001036
64,(2, 1),0.082462,0.112316,0.029854
64,(3, 0),0.076773,0.082948,0.006176
64,(3, 1),0.084384,0.094121,0.009737
65,(0, 2),0.803612,0.799666,0.003946
65,(0, 3),0.106010,0.099805,0.006205
65,(1, 2),0.087952,0.088786,0.000833
65,(1, 3),0.800686,0.829531,0.028845
65,(2, 0),0.018604,0.020019,0.001415
65,(2, 1),0.828494,0.807469,0.021025
65,(3, 0),0.834160,0.835844,0.001684
65,(3, 1),0.022687,0.021015,0.001672
66,(0, 2),0.118253,0.121293,0.003040
66,(0, 3),0.818246,0.817948,0.000298
66,(1, 2),0.020575,0.021181,0.000606
66,(1, 3),0.119069,0.089923,0.029146
66,(2, 0),0.090278,0.089830,0.000448
66,(2, 1),0.096245,0.114023,0.017778
66,(3, 0),0.078411,0.086473,0.008062
66,(3, 1),0.096945,0.090201,0.006745
67,(0, 2),0.799654,0.798087,0.001567
67,(0, 3),0.106029,0.104279,0.001751
67,(1, 2),0.088493,0.088863,0.000370
67,(1, 3),0.821321,0.832741,0.011420
67,(2, 0),0.019929,0.020539,0.000610
67,(2, 1),0.809186,0.805097,0.004089
67,(3, 0),0.831535,0.832223,0.000688
67,(3, 1),0.025775,0.019650,0.006125
68,(0, 2),0.122179,0.122313,0.000134
68,(0, 3),0.815075,0.813537,0.001538
68,(1, 2),0.022083,0.021124,0.000959
68,(1, 3),0.098542,0.086814,0.011727
68,(2, 0),0.090884,0.089571,0.001312
68,(2, 1),0.105090,0.116709,0.011619
68,(3, 0),0.020737,0.018026,0.002711
68,(3, 1),0.082179,0.090502,0.008323
69,(0, 2),0.798448,0.797509,0.000938
69,(0, 3),0.106516,0.108582,0.002066
69,(1, 2),0.094304,0.088982,0.005322
69,(1, 3),0.092248,0.093126,0.000878
69,(2, 0),0.022459,0.020686,0.001773
69,(2, 1),0.797665,0.802699,0.005034
69,(3, 0),0.095225,0.092575,0.002651
69,(3, 1),0.020693,0.019469,0.001224
70,(0, 2),0.123114,0.122443,0.000671
70,(0, 3),0.816536,0.809385,0.007151
70,(1, 2),0.126708,0.119431,0.007277
70,(1, 3),0.024177,0.017686,0.006491
70,(2, 0),0.814895,0.801736,0.013159
70,(2, 1),0.116647,0.118361,0.001714
70,(3, 0),0.021849,0.018651,0.003198
70,(3, 1),0.092845,0.091897,0.000947
71,(0, 2),0.798100,0.799655,0.001555
71,(0, 3),0.109379,0.112543,0.003164
71,(1, 2),0.797840,0.801517,0.003677
71,(1, 3),0.091940,0.093199,0.001260
71,(2, 0),0.120087,0.119484,0.000603
71,(2, 1),0.789497,0.800871,0.011375
71,(3, 0),0.096073,0.091358,0.004715
71,(3, 1),0.032503,0.019500,0.013003
72,(0, 2),0.122750,0.122034,0.000717
72,(0, 3),0.811100,0.805655,0.005445
72,(1, 2),0.124336,0.117658,0.006678
72,(1, 3),0.023732,0.017696,0.006037
72,(2, 0),0.803357,0.799582,0.003775
72,(2, 1),0.121529,0.120084,0.001445
72,(3, 0),0.022915,0.018887,0.004027
72,(3, 1),0.806789,0.821625,0.014836
73,(0, 2),0.798957,0.799558,0.000601
73,(0, 3),0.106552,0.119677,0.013125
73,(1, 2),0.800951,0.803360,0.002409
73,(1, 3),0.091802,0.093559,0.001758
73,(2, 0),0.119673,0.121424,0.001751
73,(2, 1),0.777109,0.799602,0.022492
73,(3, 0),0.093996,0.090910,0.003086
73,(3, 1),0.090195,0.097281,0.007086
74,(0, 2),0.120272,0.120303,0.000031
74,(0, 3),0.803321,0.869455,0.066134
74,(1, 2),0.121110,0.115540,0.005570
74,(1, 3),0.023278,0.017768,0.005510
74,(2, 0),0.797676,0.798199,0.000523
74,(2, 1),0.018918,0.021234,0.002316
74,(3, 0),0.022143,0.019314,0.002829
74,(3, 1),0.814481,0.824648,0.010167
75,(0, 2),0.086728,0.089233,0.002506
75,(0, 3),0.020800,0.089995,0.069194
75,(1, 2),0.799676,0.805636,0.005960
75,(1, 3),0.092154,0.093340,0.001186
75,(2, 0),0.119913,0.122426,0.002514
75,(2, 1),0.088793,0.088895,0.000102
75,(3, 0),0.087766,0.090732,0.002965
75,(3, 1),0.099910,0.094260,0.005651
76,(0, 2),0.021172,0.020762,0.000410
76,(0, 3),0.094143,0.130216,0.036073
76,(1, 2),0.117807,0.113217,0.004591
76,(1, 3),0.022330,0.016993,0.005337
76,(2, 0),0.794710,0.797506,0.002797
76,(2, 1),0.020444,0.021206,0.000762
76,(3, 0),0.021666,0.019750,0.001916
76,(3, 1),0.810177,0.827560,0.017383
77,(0, 2),0.089087,0.089639,0.000552
77,(0, 3),0.016827,0.021090,0.004263
77,(1, 2),0.800413,0.809326,0.008913
77,(1, 3),0.096361,0.093249,0.003113
77,(2, 0),0.119963,0.122481,0.002517
77,(2, 1),0.091463,0.088851,0.002612
77,(3, 0),0.089048,0.090048,0.001000
77,(3, 1),0.099959,0.091098,0.008861
78,(0, 2),0.020964,0.020449,0.000515
78,(0, 3),0.093671,0.089045,0.004626
78,(1, 2),0.112909,0.110438,0.002471
78,(1, 3),0.030585,0.017358,0.013228
78,(2, 0),0.792171,0.797849,0.005678
78,(2, 1),0.020641,0.021480,0.000839
78,(3, 0),0.109741,0.111568,0.001827
78,(3, 1),0.822450,0.830396,0.007946
79,(0, 2),0.088945,0.089856,0.000911
79,(0, 3),0.021699,0.021397,0.000303
79,(1, 2),0.797332,0.810982,0.013650
79,(1, 3),0.774007,0.842595,0.068588
79,(2, 0),0.119886,0.121739,0.001852
79,(2, 1),0.091485,0.088795,0.002690
79,(3, 0),0.804554,0.807158,0.002604
79,(3, 1),0.114492,0.088641,0.025851
80,(0, 2),0.020389,0.020078,0.000311
80,(0, 3),0.092023,0.088940,0.003083
80,(1, 2),0.022445,0.021103,0.001342
80,(1, 3),0.125330,0.080081,0.045250
80,(2, 0),0.086652,0.088953,0.002301
80,(2, 1),0.020202,0.021343,0.001141
80,(3, 0),0.111785,0.115401,0.003616
80,(3, 1),0.820185,0.833106,0.012922
81,(0, 2),0.088454,0.090124,0.001670
81,(0, 3),0.024455,0.021432,0.003023
81,(1, 2),0.088789,0.090743,0.001954
81,(1, 3),0.808247,0.843240,0.034993
81,(2, 0),0.021012,0.021046,0.000034
81,(2, 1),0.091330,0.088893,0.002437
81,(3, 0),0.801514,0.803250,0.001735
81,(3, 1),0.075325,0.086039,0.010714
82,(0, 2),0.019894,0.019917,0.000024
82,(0, 3),0.090850,0.088791,0.002059
82,(1, 2),0.019486,0.019646,0.000160
82,(1, 3),0.111425,0.078082,0.033343
82,(2, 0),0.087313,0.089113,0.001801
82,(2, 1),0.023087,0.021372,0.001716
82,(3, 0),0.120290,0.118170,0.002120
82,(3, 1),0.082395,0.092545,0.010150
83,(0, 2),0.090901,0.090553,0.000347
83,(0, 3),0.025708,0.021570,0.004138
83,(1, 2),0.090375,0.091051,0.000676
83,(1, 3),0.816482,0.843259,0.026777
83,(2, 0),0.020989,0.020755,0.000234
83,(2, 1),0.103661,0.088845,0.014815
83,(3, 0),0.798359,0.800907,0.002548
83,(3, 1),0.017642,0.017545,0.000097
84,(0, 2),0.021395,0.019351,0.002045
84,(0, 3),0.085566,0.089413,0.003847
84,(1, 2),0.020734,0.019975,0.000758
84,(1, 3),0.099902,0.078732,0.021170
84,(2, 0),0.088496,0.089976,0.001481
84,(2, 1),0.167545,0.121217,0.046328
84,(3, 0),0.125795,0.120685,0.005111
84,(3, 1),0.094422,0.093096,0.001326
85,(0, 2),0.809098,0.820131,0.011032
85,(0, 3),0.096851,0.120722,0.023871
85,(1, 2),0.090825,0.091081,0.000256
85,(1, 3),0.828716,0.842626,0.013909
85,(2, 0),0.020159,0.021257,0.001099
85,(2, 1),0.768424,0.799693,0.031269
85,(3, 0),0.798714,0.798720,0.000006
85,(3, 1),0.024098,0.017267,0.006831
86,(0, 2),0.105401,0.097876,0.007525
86,(0, 3),0.817597,0.800480,0.017117
86,(1, 2),0.019867,0.018826,0.001042
86,(1, 3),0.092803,0.079100,0.013703
86,(2, 0),0.089842,0.090538,0.000696
86,(2, 1),0.137871,0.119805,0.018066
86,(3, 0),0.123165,0.122133,0.001032
86,(3, 1),0.101785,0.093188,0.008598
87,(0, 2),0.820973,0.824474,0.003501
87,(0, 3),0.108781,0.118488,0.009707
87,(1, 2),0.091965,0.091679,0.000286
87,(1, 3),0.845547,0.841239,0.004309
87,(2, 0),0.019945,0.020820,0.000875
87,(2, 1),0.791599,0.801111,0.009513
87,(3, 0),0.799659,0.797692,0.001967
87,(3, 1),0.026796,0.017956,0.008840
88,(0, 2),0.098262,0.093347,0.004915
88,(0, 3),0.815961,0.803353,0.012608
88,(1, 2),0.020552,0.018514,0.002038
88,(1, 3),0.094684,0.080252,0.014432
88,(2, 0),0.091537,0.090842,0.000694
88,(2, 1),0.127029,0.118170,0.008860
88,(3, 0),0.022861,0.022105,0.000756
88,(3, 1),0.084924,0.093078,0.008154
89,(0, 2),0.825424,0.828766,0.003341
89,(0, 3),0.110355,0.115707,0.005352
89,(1, 2),0.090707,0.091638,0.000931
89,(1, 3),0.103769,0.093434,0.010335
89,(2, 0),0.019097,0.020249,0.001152
89,(2, 1),0.791123,0.803310,0.012187
89,(3, 0),0.090732,0.088854,0.001878
89,(3, 1),0.021297,0.016918,0.004380
90,(0, 2),0.092115,0.089219,0.002896
90,(0, 3),0.810861,0.806379,0.004483
90,(1, 2),0.093091,0.092124,0.000966
90,(1, 3),0.020608,0.017227,0.003380
90,(2, 0),0.833992,0.816164,0.017828
90,(2, 1),0.113523,0.116099,0.002576
90,(3, 0),0.021355,0.021218,0.000137
90,(3, 1),0.094570,0.093303,0.001266
91,(0, 2),0.831313,0.832793,0.001480
91,(0, 3),0.111863,0.111948,0.000085
91,(1, 2),0.831456,0.829679,0.001778
91,(1, 3),0.103734,0.093359,0.010375
91,(2, 0),0.097200,0.102521,0.005322
91,(2, 1),0.795447,0.805512,0.010064
91,(3, 0),0.088614,0.089069,0.000455
91,(3, 1),0.032807,0.017187,0.015620
92,(0, 2),0.087569,0.085502,0.002067
92,(0, 3),0.813469,0.810462,0.003007
92,(1, 2),0.090820,0.089260,0.001559
92,(1, 3),0.020301,0.017794,0.002507
92,(2, 0),0.824690,0.820521,0.004169
92,(2, 1),0.099013,0.113784,0.014771
92,(3, 0),0.020130,0.021184,0.001054
92,(3, 1),0.814350,0.844855,0.030505
93,(0, 2),0.834270,0.836538,0.002268
93,(0, 3),0.111501,0.108343,0.003157
93,(1, 2),0.833085,0.832096,0.000989
93,(1, 3),0.101879,0.093150,0.008729
93,(2, 0),0.092994,0.098042,0.005048
93,(2, 1),0.799854,0.808279,0.008425
93,(3, 0),0.091883,0.089012,0.002871
93,(3, 1),0.089394,0.081688,0.007706
94,(0, 2),0.083607,0.082499,0.001108
94,(0, 3),0.821803,0.814797,0.007007
94,(1, 2),0.088120,0.086607,0.001514
94,(1, 3),0.019966,0.018025,0.001941
94,(2, 0),0.826481,0.825102,0.001379
94,(2, 1),0.020522,0.020123,0.000399
94,(3, 0),0.021062,0.020895,0.000166
94,(3, 1),0.821384,0.846431,0.025048
95,(0, 2),0.091306,0.092894,0.001588
95,(0, 3),0.026343,0.019337,0.007006
95,(1, 2),0.832823,0.834625,0.001802
95,(1, 3),0.100734,0.092948,0.007786
95,(2, 0),0.089061,0.093703,0.004642
95,(2, 1),0.092170,0.090549,0.001621
95,(3, 0),0.095033,0.089304,0.005729
95,(3, 1),0.097014,0.081247,0.015767
96,(0, 2),0.017147,0.016995,0.000152
96,(0, 3),0.098040,0.090887,0.007153
96,(1, 2),0.085405,0.084215,0.001191
96,(1, 3),0.019380,0.018034,0.001346
96,(2, 0),0.828345,0.829248,0.000903
96,(2, 1),0.019090,0.019900,0.000810
96,(3, 0),0.021560,0.020690,0.000871
96,(3, 1),0.816963,0.846546,0.029582
97,(0, 2),0.092362,0.093097,0.000736
97,(0, 3),0.017138,0.019849,0.002711
97,(1, 2),0.832210,0.836908,0.004698
97,(1, 3),0.098572,0.092327,0.006245
97,(2, 0),0.086467,0.089150,0.002683
97,(2, 1),0.091490,0.090340,0.001151
97,(3, 0),0.095110,0.090278,0.004832
97,(3, 1),0.097088,0.082012,0.015076
98,(0, 2),0.016935,0.016958,0.000023
98,(0, 3),0.092018,0.091787,0.000232
98,(1, 2),0.083035,0.082132,0.000904
98,(1, 3),0.015083,0.018171,0.003088
98,(2, 0),0.828065,0.832891,0.004826
98,(2, 1),0.019812,0.019933,0.000120
98,(3, 0),0.111573,0.113989,0.002417
98,(3, 1),0.828500,0.843709,0.015209
99,(0, 2),0.092561,0.093217,0.000657
99,(0, 3),0.022142,0.020223,0.001919
99,(1, 2),0.828394,0.839129,0.010735
99,(1, 3),0.834520,0.828130,0.006390
99,(2, 0),0.083079,0.085642,0.002563
99,(2, 1),0.091844,0.090860,0.000984
99,(3, 0),0.808791,0.809642,0.000851
99,(3, 1),0.113051,0.082625,0.030426
100,(0, 2),0.017318,0.016756,0.000562
100,(0, 3),0.092138,0.096002,0.003864
100,(1, 2),0.016547,0.017764,0.001217
100,(1, 3),0.065479,0.094179,0.028700
100,(2, 0),0.090665,0.092936,0.002271
100,(2, 1),0.019123,0.019399,0.000276
100,(3, 0),0.110333,0.109253,0.001080
100,(3, 1),0.819927,0.844343,0.024416
101,(0, 2),0.093759,0.093249,0.000510
101,(0, 3),0.024605,0.020545,0.004060
101,(1, 2),0.092546,0.093033,0.000487
101,(1, 3),0.832451,0.824574,0.007877
101,(2, 0),0.017787,0.017281,0.000507
101,(2, 1),0.093153,0.091108,0.002045
101,(3, 0),0.816246,0.813316,0.002930
101,(3, 1),0.069500,0.084557,0.015057
102,(0, 2),0.017395,0.016769,0.000626
102,(0, 3),0.091620,0.094562,0.002942
102,(1, 2),0.018307,0.017507,0.000800
102,(1, 3),0.070773,0.097405,0.026631
102,(2, 0),0.091869,0.093069,0.001200
102,(2, 1),0.019169,0.019173,0.000005
102,(3, 0),0.102627,0.108520,0.005893
102,(3, 1),0.073970,0.096447,0.022477
103,(0, 2),0.093043,0.093191,0.000149
103,(0, 3),0.025520,0.022534,0.002985
103,(1, 2),0.092714,0.093311,0.000598
103,(1, 3),0.829408,0.821454,0.007955
103,(2, 0),0.017822,0.017035,0.000787
103,(2, 1),0.092550,0.091272,0.001277
103,(3, 0),0.819043,0.818224,0.000820
103,(3, 1),0.018188,0.019981,0.001792
104,(0, 2),0.017481,0.016871,0.000610
104,(0, 3),0.088665,0.095268,0.006603
104,(1, 2),0.019377,0.016811,0.002566
104,(1, 3),0.080105,0.100262,0.020158
104,(2, 0),0.091467,0.093640,0.002173
104,(2, 1),0.079486,0.096302,0.016816
104,(3, 0),0.098646,0.100036,0.001390
104,(3, 1),0.098427,0.092814,0.005612
105,(0, 2),0.841534,0.840457,0.001076
105,(0, 3),0.096870,0.084700,0.012171
105,(1, 2),0.093219,0.093729,0.000510
105,(1, 3),0.825162,0.818377,0.006785
105,(2, 0),0.017500,0.017586,0.000086
105,(2, 1),0.842001,0.825812,0.016189
105,(3, 0),0.821744,0.822210,0.000466
105,(3, 1),0.024840,0.017551,0.007289
106,(0, 2),0.080184,0.080580,0.000396
106,(0, 3),0.834571,0.838951,0.004380
106,(1, 2),0.018625,0.016760,0.001865
106,(1, 3),0.090094,0.104393,0.014299
106,(2, 0),0.091807,0.093965,0.002158
106,(2, 1),0.082593,0.093042,0.010449
106,(3, 0),0.099223,0.099524,0.000302
106,(3, 1),0.103687,0.092583,0.011103
107,(0, 2),0.841012,0.838189,0.002823
107,(0, 3),0.090832,0.080486,0.010346
107,(1, 2),0.094767,0.093284,0.001483
107,(1, 3),0.830655,0.815193,0.015461
107,(2, 0),0.017838,0.017485,0.000354
107,(2, 1),0.829708,0.828788,0.000919
107,(3, 0),0.823927,0.830091,0.006164
107,(3, 1),0.027321,0.017666,0.009656
108,(0, 2),0.081654,0.083235,0.001581
108,(0, 3),0.836082,0.840535,0.004453
108,(1, 2),0.019159,0.016752,0.002406
108,(1, 3),0.093808,0.106933,0.013125
108,(2, 0),0.093899,0.094327,0.000428
108,(2, 1),0.082092,0.089784,0.007692
108,(3, 0),0.018994,0.023288,0.004294
108,(3, 1),0.085952,0.092204,0.006252
109,(0, 2),0.838159,0.835195,0.002964
109,(0, 3),0.086864,0.078677,0.008188
109,(1, 2),0.092645,0.094106,0.001461
109,(1, 3),0.094012,0.090565,0.003447
109,(2, 0),0.017955,0.017473,0.000481
109,(2, 1),0.825104,0.832073,0.006969
109,(3, 0),0.091635,0.097444,0.005808
109,(3, 1),0.021553,0.018081,0.003472
110,(0, 2),0.084816,0.086538,0.001722
110,(0, 3),0.841575,0.841959,0.000383
110,(1, 2),0.078522,0.078705,0.000182
110,(1, 3),0.023591,0.020006,0.003585
110,(2, 0),0.852041,0.842471,0.009569
110,(2, 1),0.083103,0.087224,0.004121
110,(3, 0),0.017529,0.026449,0.008920
110,(3, 1),0.095704,0.092261,0.003443
111,(0, 2),0.833620,0.831595,0.002024
111,(0, 3),0.088939,0.077715,0.011223
111,(1, 2),0.845740,0.842246,0.003493
111,(1, 3),0.093162,0.090159,0.003003
111,(2, 0),0.080618,0.079363,0.001255
111,(2, 1),0.822924,0.834298,0.011374
111,(3, 0),0.092530,0.099927,0.007397
111,(3, 1),0.033605,0.018470,0.015135
112,(0, 2),0.085948,0.090514,0.004566
112,(0, 3),0.842083,0.842860,0.000778
112,(1, 2),0.078898,0.078691,0.000207
112,(1, 3),0.023326,0.020424,0.002902
112,(2, 0),0.841941,0.841191,0.000751
112,(2, 1),0.082420,0.084819,0.002399
112,(3, 0),0.017238,0.024303,0.007065
112,(3, 1),0.820829,0.826623,0.005794
113,(0, 2),0.826902,0.827533,0.000632
113,(0, 3),0.088030,0.078118,0.009912
113,(1, 2),0.843847,0.841054,0.002793
113,(1, 3),0.092538,0.089730,0.002809
113,(2, 0),0.082363,0.081163,0.001199
113,(2, 1),0.820904,0.836470,0.015567
113,(3, 0),0.092239,0.099845,0.007606
113,(3, 1),0.091650,0.095738,0.004088
114,(0, 2),0.088331,0.094621,0.006290
114,(0, 3),0.843430,0.842506,0.000924
114,(1, 2),0.080020,0.079907,0.000113
114,(1, 3),0.023074,0.020606,0.002468
114,(2, 0),0.837027,0.838660,0.001634
114,(2, 1),0.016096,0.017606,0.001510
114,(3, 0),0.017788,0.025573,0.007785
114,(3, 1),0.821513,0.823565,0.002052
115,(0, 2),0.091421,0.091317,0.000104
115,(0, 3),0.017528,0.017202,0.000326
115,(1, 2),0.841006,0.839505,0.001501
115,(1, 3),0.092288,0.089519,0.002769
115,(2, 0),0.085318,0.084043,0.001275
115,(2, 1),0.092685,0.092927,0.000242
115,(3, 0),0.092728,0.100159,0.007431
115,(3, 1),0.100909,0.098450,0.002460
116,(0, 2),0.019336,0.019286,0.000050
116,(0, 3),0.088827,0.093090,0.004263
116,(1, 2),0.082024,0.081517,0.000507
116,(1, 3),0.022503,0.020759,0.001744
116,(2, 0),0.831387,0.835983,0.004595
116,(2, 1),0.018360,0.017340,0.001020
116,(3, 0),0.017986,0.024543,0.006557
116,(3, 1),0.815661,0.820416,0.004755
117,(0, 2),0.090240,0.090868,0.000629
117,(0, 3),0.016037,0.017186,0.001149
117,(1, 2),0.831655,0.840456,0.008801
117,(1, 3),0.093532,0.089326,0.004206
117,(2, 0),0.088268,0.088316,0.000048
117,(2, 1),0.093264,0.093143,0.000121
117,(3, 0),0.094622,0.100478,0.005856
117,(3, 1),0.101316,0.102112,0.000796
118,(0, 2),0.019175,0.019482,0.000307
118,(0, 3),0.091274,0.093066,0.001792
118,(1, 2),0.083240,0.084958,0.001718
118,(1, 3),0.028321,0.021092,0.007229
118,(2, 0),0.826157,0.833290,0.007133
118,(2, 1),0.018874,0.017009,0.001865
118,(3, 0),0.084063,0.085668,0.001606
118,(3, 1),0.825033,0.817409,0.007624
119,(0, 2),0.090416,0.090551,0.000135
119,(0, 3),0.021109,0.017432,0.003678
119,(1, 2),0.823901,0.836459,0.012558
119,(1, 3),0.779467,0.800601,0.021134
119,(2, 0),0.093316,0.092445,0.000871
119,(2, 1),0.093348,0.093376,0.000028
119,(3, 0),0.840935,0.849882,0.008947
119,(3, 1),0.116306,0.105242,0.011064
120,(0, 2),0.019954,0.020008,0.000054
120,(0, 3),0.090950,0.092601,0.001651
120,(1, 2),0.015353,0.018159,0.002806
120,(1, 3),0.127700,0.120498,0.007202
120,(2, 0),0.090525,0.093424,0.002899
120,(2, 1),0.018219,0.016825,0.001394
120,(3, 0),0.080671,0.086220,0.005549
120,(3, 1),0.821035,0.814775,0.006259
121,(0, 2),0.089058,0.090004,0.000946
121,(0, 3),0.023496,0.018408,0.005088
121,(1, 2),0.089884,0.092623,0.002739
121,(1, 3),0.784764,0.799464,0.014699
121,(2, 0),0.018528,0.019841,0.001314
121,(2, 1),0.094666,0.093210,0.001456
121,(3, 0),0.842802,0.848716,0.005914
121,(3, 1),0.081084,0.108411,0.027327
122,(0, 2),0.020634,0.021767,0.001133
122,(0, 3),0.089522,0.092278,0.002756
122,(1, 2),0.019148,0.018601,0.000547
122,(1, 3),0.128063,0.122392,0.005671
122,(2, 0),0.090165,0.092482,0.002317
122,(2, 1),0.019044,0.017132,0.001912
122,(3, 0),0.079338,0.084905,0.005567
122,(3, 1),0.089738,0.090513,0.000775
123,(0, 2),0.091272,0.090095,0.001177
123,(0, 3),0.024874,0.017937,0.006936
123,(1, 2),0.090698,0.092454,0.001755
123,(1, 3),0.786348,0.798175,0.011828
123,(2, 0),0.018635,0.019809,0.001173
123,(2, 1),0.095009,0.093247,0.001761
123,(3, 0),0.842866,0.844351,0.001485
123,(3, 1),0.017123,0.020579,0.003455
124,(0, 2),0.022199,0.020815,0.001384
124,(0, 3),0.097136,0.094103,0.003033
124,(1, 2),0.019873,0.018720,0.001154
124,(1, 3),0.126990,0.122346,0.004643
124,(2, 0),0.090774,0.091988,0.001214
124,(2, 1),0.098165,0.077505,0.020660
124,(3, 0),0.081735,0.080033,0.001702
124,(3, 1),0.090588,0.090448,0.000140
125,(0, 2),0.801964,0.804451,0.002487
125,(0, 3),0.103400,0.094206,0.009194
125,(1, 2),0.091292,0.091738,0.000445
125,(1, 3),0.791171,0.797667,0.006496
125,(2, 0),0.017999,0.020333,0.002334
125,(2, 1),0.834402,0.842624,0.008222
125,(3, 0),0.842083,0.839441,0.002642
125,(3, 1),0.023540,0.020444,0.003096
126,(0, 2),0.119130,0.119198,0.000067
126,(0, 3),0.820740,0.824473,0.003733
126,(1, 2),0.019034,0.018903,0.000131
126,(1, 3),0.128018,0.122959,0.005059
126,(2, 0),0.091178,0.091503,0.000325
126,(2, 1),0.091300,0.077789,0.013511
126,(3, 0),0.084125,0.082206,0.001919
126,(3, 1),0.099472,0.089910,0.009562
127,(0, 2),0.801159,0.800767,0.000393
127,(0, 3),0.100626,0.098311,0.002315
127,(1, 2),0.092330,0.091525,0.000805
127,(1, 3),0.799557,0.797597,0.001961
127,(2, 0),0.019207,0.020743,0.001535
127,(2, 1),0.828487,0.842122,0.013635
127,(3, 0),0.838823,0.836802,0.002021
127,(3, 1),0.026422,0.020916,0.005505
128,(0, 2),0.121307,0.120995,0.000313
128,(0, 3),0.818079,0.820365,0.002286
128,(1, 2),0.020128,0.019439,0.000689
128,(1, 3),0.129951,0.122486,0.007465
128,(2, 0),0.091211,0.091048,0.000163
128,(2, 1),0.087933,0.078590,0.009342
128,(3, 0),0.020379,0.017810,0.002569
128,(3, 1),0.083466,0.089997,0.006531
129,(0, 2),0.799541,0.798841,0.000700
129,(0, 3),0.100565,0.102428,0.001864
129,(1, 2),0.094308,0.091121,0.003186
129,(1, 3),0.097695,0.090120,0.007575
129,(2, 0),0.020630,0.021184,0.000554
129,(2, 1),0.825170,0.840973,0.015803
129,(3, 0),0.094423,0.092501,0.001922
129,(3, 1),0.020948,0.021165,0.000217
130,(0, 2),0.121821,0.122943,0.001122
130,(0, 3),0.822225,0.815542,0.006682
130,(1, 2),0.101115,0.100449,0.000666
130,(1, 3),0.023130,0.021381,0.001749
130,(2, 0),0.820059,0.806869,0.013190
130,(2, 1),0.086357,0.079984,0.006373
130,(3, 0),0.021007,0.017837,0.003170
130,(3, 1),0.095425,0.089137,0.006288
131,(0, 2),0.798343,0.798021,0.000322
131,(0, 3),0.103992,0.107190,0.003198
131,(1, 2),0.820111,0.818368,0.001743
131,(1, 3),0.093383,0.089033,0.004350
131,(2, 0),0.112265,0.116618,0.004353
131,(2, 1),0.822457,0.839710,0.017253
131,(3, 0),0.094073,0.091965,0.002109
131,(3, 1),0.034421,0.020946,0.013474
132,(0, 2),0.122353,0.123191,0.000838
132,(0, 3),0.818182,0.811435,0.006747
132,(1, 2),0.103131,0.104228,0.001097
132,(1, 3),0.023006,0.022331,0.000675
132,(2, 0),0.807703,0.803859,0.003844
132,(2, 1),0.084265,0.081268,0.002997
132,(3, 0),0.021684,0.018243,0.003441
132,(3, 1),0.819794,0.799795,0.019998
133,(0, 2),0.798044,0.798356,0.000311
133,(0, 3),0.101916,0.110948,0.009032
133,(1, 2),0.816285,0.815642,0.000644
133,(1, 3),0.093046,0.088992,0.004054
133,(2, 0),0.115493,0.119332,0.003839
133,(2, 1),0.823443,0.838129,0.014686
133,(3, 0),0.093157,0.091542,0.001615
133,(3, 1),0.093834,0.121933,0.028099
134,(0, 2),0.120383,0.122357,0.001974
134,(0, 3),0.810465,0.807879,0.002586
134,(1, 2),0.106840,0.107160,0.000320
134,(1, 3),0.022817,0.021003,0.001814
134,(2, 0),0.802154,0.801080,0.001074
134,(2, 1),0.016723,0.017309,0.000586
134,(3, 0),0.021209,0.018679,0.002530
134,(3, 1),0.813136,0.799987,0.013148
135,(0, 2),0.086809,0.089003,0.002194
135,(0, 3),0.020529,0.020829,0.000300
135,(1, 2),0.812025,0.812409,0.000384
135,(1, 3),0.092472,0.090616,0.001856
135,(2, 0),0.118807,0.121521,0.002715
135,(2, 1),0.092660,0.092665,0.000005
135,(3, 0),0.088418,0.091098,0.002679
135,(3, 1),0.105761,0.123351,0.017591
136,(0, 2),0.021212,0.022176,0.000964
136,(0, 3),0.090673,0.089733,0.000941
136,(1, 2),0.110515,0.109949,0.000566
136,(1, 3),0.022641,0.021051,0.001590
136,(2, 0),0.798591,0.799414,0.000824
136,(2, 1),0.018428,0.017746,0.000682
136,(3, 0),0.020792,0.019128,0.001664
136,(3, 1),0.806989,0.799749,0.007240
137,(0, 2),0.089049,0.090557,0.001508
137,(0, 3),0.016710,0.021509,0.004800
137,(1, 2),0.804657,0.809095,0.004438
137,(1, 3),0.090157,0.090830,0.000673
137,(2, 0),0.120729,0.122838,0.002109
137,(2, 1),0.092932,0.092597,0.000335
137,(3, 0),0.089944,0.090964,0.001020
137,(3, 1),0.106284,0.124556,0.018273
138,(0, 2),0.020979,0.023884,0.002904
138,(0, 3),0.091476,0.089426,0.002049
138,(1, 2),0.112522,0.112604,0.000082
138,(1, 3),0.020004,0.023209,0.003205
138,(2, 0),0.795799,0.798361,0.002563
138,(2, 1),0.018998,0.017867,0.001131
138,(3, 0),0.103603,0.106052,0.002449
138,(3, 1),0.816754,0.799465,0.017290
139,(0, 2),0.088823,0.092337,0.003513
139,(0, 3),0.022029,0.021624,0.000406
139,(1, 2),0.793790,0.806898,0.013108
139,(1, 3),0.804707,0.808974,0.004267
139,(2, 0),0.121874,0.123410,0.001536
139,(2, 1),0.093009,0.092079,0.000930
139,(3, 0),0.815125,0.813154,0.001971
139,(3, 1),0.120083,0.124256,0.004173
140,(0, 2),0.020414,0.024183,0.003769
140,(0, 3),0.091681,0.089627,0.002053
140,(1, 2),0.019739,0.020561,0.000822
140,(1, 3),0.104798,0.115711,0.010912
140,(2, 0),0.087543,0.089482,0.001938
140,(2, 1),0.018338,0.018061,0.000276
140,(3, 0),0.105354,0.110154,0.004800
140,(3, 1),0.818532,0.798746,0.019787
141,(0, 2),0.088239,0.092980,0.004741
141,(0, 3),0.024511,0.021904,0.002607
141,(1, 2),0.085882,0.089408,0.003527
141,(1, 3),0.803127,0.812826,0.009699
141,(2, 0),0.021347,0.021995,0.000648
141,(2, 1),0.094306,0.092041,0.002265
141,(3, 0),0.809863,0.808751,0.001111
141,(3, 1),0.092292,0.122651,0.030359
142,(0, 2),0.019925,0.024278,0.004353
142,(0, 3),0.089115,0.091422,0.002307
142,(1, 2),0.020496,0.021480,0.000984
142,(1, 3),0.105048,0.110414,0.005366
142,(2, 0),0.087452,0.089657,0.002205
142,(2, 1),0.018817,0.018356,0.000461
142,(3, 0),0.113154,0.114634,0.001480
142,(3, 1),0.116083,0.088817,0.027266
143,(0, 2),0.090870,0.093064,0.002194
143,(0, 3),0.025659,0.021788,0.003870
143,(1, 2),0.088424,0.089202,0.000778
143,(1, 3),0.808007,0.811839,0.003832
143,(2, 0),0.021277,0.021618,0.000341
143,(2, 1),0.093992,0.091694,0.002298
143,(3, 0),0.806805,0.804551,0.002253
143,(3, 1),0.016790,0.021277,0.004487
144,(0, 2),0.021576,0.023224,0.001648
144,(0, 3),0.096006,0.089334,0.006672
144,(1, 2),0.021303,0.020888,0.000414
144,(1, 3),0.104118,0.108155,0.004037
144,(2, 0),0.088866,0.089346,0.000480
144,(2, 1),0.087915,0.096951,0.009037
144,(3, 0),0.118489,0.117263,0.001226
144,(3, 1),0.083581,0.089955,0.006374
145,(0, 2),0.808602,0.818078,0.009476
145,(0, 3),0.107963,0.122622,0.014659
145,(1, 2),0.088829,0.089031,0.000202
145,(1, 3),0.812736,0.816942,0.004206
145,(2, 0),0.020301,0.021095,0.000793
145,(2, 1),0.833513,0.822025,0.011488
145,(3, 0),0.802651,0.801609,0.001042
145,(3, 1),0.022527,0.021416,0.001111
146,(0, 2),0.107089,0.108660,0.001572
146,(0, 3),0.802505,0.798313,0.004192
146,(1, 2),0.020309,0.022797,0.002488
146,(1, 3),0.102109,0.106159,0.004050
146,(2, 0),0.089996,0.089631,0.000365
146,(2, 1),0.091664,0.099984,0.008320
146,(3, 0),0.116767,0.119744,0.002977
146,(3, 1),0.096365,0.089900,0.006465
147,(0, 2),0.817010,0.819521,0.002511
147,(0, 3),0.118954,0.122125,0.003170
147,(1, 2),0.089211,0.091989,0.002778
147,(1, 3),0.827246,0.821685,0.005561
147,(2, 0),0.020320,0.020939,0.000619
147,(2, 1),0.819750,0.818871,0.000879
147,(3, 0),0.801621,0.799793,0.001829
147,(3, 1),0.025681,0.020990,0.004692
148,(0, 2),0.101541,0.100204,0.001336
148,(0, 3),0.801216,0.800509,0.000707
148,(1, 2),0.021789,0.021153,0.000636
148,(1, 3),0.102675,0.102115,0.000560
148,(2, 0),0.090287,0.089956,0.000331
148,(2, 1),0.094282,0.103393,0.009110
148,(3, 0),0.022922,0.022397,0.000524
148,(3, 1),0.081857,0.089354,0.007497
149,(0, 2),0.822314,0.825002,0.002689
149,(0, 3),0.120936,0.120132,0.000803
149,(1, 2),0.094824,0.089155,0.005669
149,(1, 3),0.098727,0.091584,0.007144
149,(2, 0),0.019740,0.020656,0.000916
149,(2, 1),0.811629,0.815694,0.004065
149,(3, 0),0.090321,0.089061,0.001259
149,(3, 1),0.020592,0.020860,0.000268